91
25
40
21
24
26
34
27
26
27
38
31
31
22
25
23
23
29
38
25
24
22
23
25
24
22
23
25
25
38
23
26
25
27
29
32
25
22
21
25
23
23
22
25
26
29
22
23
19
26
33
34
24
24
26
30
28
27
31
24
23
27
22
23
23
24
23
33
25
24
26
26
41
25
25
23
22
24
24
27
32
26
26
29
32
33
33
27
29
26
29
26
34
21
25
25
23
27
25
28
26
25
37
23
24
21
22
24
24
33
28
24
35
28
25
32
21
23
26
31
28
26
24
22
31
25
26
24
26
23
24
28
32
34
22
34
27
22
28
30
26
25
23
37
25
22
31
24
37
23
23
22
33
31
23
26
23
24
38
25
28
21
23
24
27
24
24
33
26
26
31
34
25
30
25
23
24
29
28
31
27
24
31
39
31
22
24
25
24
22
23
28
39
31
22
24
31
28
25
24
27
30
26
25
25
29
30
24
29
28
35
26
34
30
33
23
27
33
25
24
25
24
26
69
25
27
25
25
30
34
28
33
26
24
26
40
37
28
30
32
28
32
26
32
28
27
23
26
27
24
26
25
23
24
37
41
30
32
27
36
27
31
27
23
27
30
26
31
30
33
30
31
36
24
24
25
23
27
27
31
31
27
31
26
23
26
32
25
34
32
32
27
35
26
25
33
27
32
32
27
25
36
48
29
29
28
27
25
27
29
29
34
29
35
29
30
32
25
27
34
27
35
25
29
43
30
28
47
32
29
27
26
31
35
30
29
27
31
26
31
28
26
29
44
32
26
34
28
29
28
27
53
29
28
28
39
28
25
25
27
29
29
25
27
30
27
38
31
27
30
42
27
24
27
24
29
37
37
27
35
26
29
26
29
37
29
37
35
28
28
35
26
27
29
24
27
29
27
31
36
27
27
32
35
32
30
29
31
115
28
42
33
28
34
32
27
33
27
28
31
33
30
27
36
36
28
32
51
26
27
29
37
29
38
30
38
38
30
28
32
29
27
31
34
42
31
27
26
31
39
28
34
26
28
35
33
33
34
37
32
27
26
28
27
38
35
34
41
30
38
34
32
26
29
26
26
24
27
25
28
27
29
28
27
56
32
27
27
28
26
35
23
28
26
25
27
34
28
28
28
