89
25
21
25
22
18
20
26
31
21
21
28
21
19
22
31
23
23
28
22
26
19
20
31
30
21
34
20
26
29
25
24
25
23
21
20
27
27
22
21
22
21
26
28
34
25
23
27
23
21
25
30
22
21
39
27
34
22
24
27
21
23
24
28
26
23
20
22
37
26
25
23
21
29
21
37
23
23
20
22
23
25
25
33
21
21
21
19
29
19
21
21
24
34
22
22
20
23
27
25
20
22
22
25
23
23
26
25
29
20
22
25
27
25
26
21
24
22
30
22
23
26
21
20
20
25
27
19
22
20
24
21
22
22
28
22
28
21
26
26
30
20
31
33
27
20
25
25
25
23
26
20
26
25
27
23
22
20
23
26
23
23
22
25
25
26
27
30
22
24
33
27
25
25
22
24
21
21
21
32
31
29
27
26
20
19
21
30
26
23
20
35
27
29
22
30
23
24
23
27
25
21
20
26
23
35
25
24
27
26
22
23
34
24
22
25
27
39
25
30
25
25
28
33
23
27
28
25
25
26
22
22
20
24
24
23
26
28
24
24
23
22
36
33
23
22
29
26
26
27
37
26
26
23
29
27
26
27
28
22
26
25
26
22
36
25
26
25
23
26
40
26
24
29
34
23
24
25
20
23
29
30
26
23
25
25
30
33
32
26
25
26
34
25
23
29
26
29
29
23
31
24
28
23
28
27
27
26
32
30
27
23
24
21
22
26
25
33
23
32
26
24
23
25
22
25
21
27
28
24
70
34
31
21
22
30
25
26
22
24
32
25
23
30
26
24
33
24
21
33
25
26
23
28
27
32
25
28
25
35
26
29
25
21
21
22
30
26
21
31
27
24
26
32
30
25
23
23
22
35
24
24
31
27
28
25
25
24
27
23
26
29
25
36
27
27
22
31
24
29
