88
24
18
21
21
26
20
23
21
19
21
20
20
55
18
20
22
25
19
17
20
22
21
20
21
27
26
22
27
22
21
22
23
25
20
27
21
25
21
24
23
21
20
22
24
19
27
19
23
22
19
22
20
20
27
25
21
24
22
21
24
23
16
23
27
25
21
21
24
21
19
24
21
19
22
20
16
20
28
23
21
20
18
28
24
20
21
22
23
21
30
21
20
19
22
18
25
18
20
24
22
20
24
18
22
21
20
22
19
16
20
20
20
28
19
25
19
24
27
25
25
18
23
24
23
26
22
20
19
20
24
24
21
15
21
27
20
19
19
21
27
25
18
16
20
28
23
19
28
22
21
21
22
16
18
27
18
22
21
21
19
17
20
21
17
19
17
22
18
22
22
17
17
25
26
25
17
17
22
21
20
23
20
19
21
22
18
19
21
22
20
20
17
19
26
22
18
20
22
19
21
23
22
23
22
26
19
30
19
18
27
17
26
25
21
19
22
21
19
26
21
23
20
25
30
19
24
27
22
21
23
32
23
21
28
18
19
20
22
25
23
20
25
20
25
20
20
20
22
27
22
25
24
27
20
24
21
24
23
19
22
26
19
20
24
20
21
24
29
22
20
22
18
28
21
24
21
28
25
21
18
23
29
21
18
28
30
22
22
27
25
22
26
21
20
24
30
19
27
21
