88
16
16
16
24
12
18
18
19
16
17
24
19
14
15
22
19
20
20
16
23
16
15
18
24
17
17
21
25
15
17
16
20
18
19
19
18
20
17
20
19
16
24
18
19
15
19
19
26
20
22
19
17
21
19
21
21
17
21
22
17
19
17
14
17
16
20
19
20
21
16
18
18
20
20
19
18
18
17
16
16
18
18
21
18
20
15
20
21
14
20
16
20
20
20
21
17
18
21
18
24
17
17
19
16
18
16
19
16
16
22
17
17
15
20
20
18
18
17
15
24
19
20
16
22
21
15
20
17
21
19
18
15
22
19
21
19
16
25
18
23
17
20
18
23
28
16
19
16
27
17
17
20
20
24
20
20
21
21
22
21
19
20
15
20
21
18
24
16
25
16
15
20
17
21
22
21
20
17
22
21
19
20
19
26
24
16
19
21
21
24
19
18
24
20
27
16
18
18
19
